###########
# KnapSack problem - data file
# Implementation of the standard Knapsack problem
#
# Author: S. Moret
# Date: 09.03.2021
# Data from: https://github.com/discreteoptimization/assignment/tree/master/knapsack/data
###########

param N := 400;
param W := 9486367;

param: c w :=
1	31860 76620
2	11884 28868
3	10492 25484
4	901 2502
5	43580 104660
6	9004 21908
7	6700 16500
8	29940 71980
9	7484 18268
10	5932 14564
11	7900 19300
12	6564 16028
13	6596 16092
14	8172 19844
15	5324 13148
16	8436 20572
17	7332 17964
18	6972 17044
19	7668 18636
20	6524 15948
21	6244 15388
22	635 1970
23	5396 13292
24	13596 32892
25	51188 122676
26	13684 33068
27	8596 20892
28	156840 375380
29	7900 19300
30	6460 15820
31	14132 34164
32	4980 12260
33	5216 12932
34	6276 15452
35	701 2102
36	3084 7868
37	6924 16948
38	5500 13500
39	3148 7996
40	47844 114788
41	226844 542788
42	25748 61996
43	7012 17124
44	3440 8580
45	15580 37660
46	314 1128
47	2852 7204
48	15500 37500
49	9348 22796
50	17768 42836
51	16396 39692
52	16540 39980
53	395124 944948
54	10196 24692
55	6652 16204
56	4848 11996
57	74372 178244
58	4556 11212
59	4900 12100
60	3508 8716
61	3820 9540
62	5460 13420
63	16564 40028
64	3896 9692
65	3832 9564
66	9012 21924
67	4428 10956
68	57796 138492
69	12052 29204
70	7052 17204
71	85864 205628
72	5068 12436
73	10484 25468
74	4516 11132
75	3620 9140
76	18052 43604
77	21 542
78	15804 38108
79	19020 45940
80	170844 408788
81	3732 9364
82	2920 7340
83	4120 10340
84	6828 16756
85	26252 63204
86	11676 28252
87	19916 47932
88	65488 156876
89	7172 17644
90	3772 9444
91	132868 318036
92	8332 20364
93	5308 13116
94	3780 9460
95	5208 12916
96	56788 136076
97	7172 17644
98	7868 19236
99	31412 75524
100	9252 22604
101	12276 29652
102	3712 9324
103	4516 11132
104	105876 253452
105	20084 48468
106	11492 27884
107	49092 117684
108	83452 199804
109	71372 171044
110	66572 159644
111	25268 60836
112	64292 154084
113	21228 51156
114	16812 40524
115	19260 46420
116	7740 18980
117	5632 13964
118	3256 8212
119	15580 37660
120	4824 11948
121	59700 143100
122	14500 35100
123	7208 17716
124	6028 14756
125	75716 181332
126	22364 53828
127	7636 18572
128	6444 15788
129	5192 12884
130	7388 18076
131	33156 79612
132	3032 7564
133	6628 16156
134	7036 17172
135	3200 8100
136	7300 17900
137	4452 11004
138	26364 63428
139	14036 33972
140	16932 40964
141	5788 14276
142	70476 168852
143	4552 11204
144	33980 81660
145	19300 46500
146	39628 95156
147	4484 11068
148	55044 131988
149	574 1848
150	29644 71188
151	9460 23020
152	106284 254468
153	304 1108
154	3580 8860
155	6308 15516
156	10492 25484
157	12820 31140
158	14436 34972
159	5044 12388
160	1155 3210
161	12468 30236
162	4380 10860
163	9876 24052
164	8752 21404
165	8676 21052
166	42848 102796
167	22844 54988
168	6244 15388
169	314 1128
170	314 1128
171	314 1128
172	314 1128
173	314 1128
174	314 1128
175	387480 926660
176	314 1128
177	314 1128
178	314 1128
179	314 1128
180	314 1128
181	15996 38692
182	8372 20444
183	65488 156876
184	304 1108
185	4756 11812
186	5012 12324
187	304 1108
188	314 1128
189	314 1128
190	314 1128
191	314 1128
192	314 1128
193	314 1128
194	314 1128
195	304 1108
196	1208 3316
197	47728 114556
198	314 1128
199	314 1128
200	314 1128
201	314 1128
202	314 1128
203	314 1128
204	104036 249172
205	5248 12996
206	312 1124
207	24468 58836
208	7716 18932
209	30180 72460
210	4824 11948
211	1120 3140
212	11496 27892
213	4916 12132
214	14428 34956
215	24948 59996
216	41100 98700
217	28692 69084
218	826 2352
219	3073 7846
220	7684 18868
221	5604 13708
222	17188 41476
223	34828 83756
224	7540 18380
225	8004 19508
226	2648 6796
227	5124 12748
228	3096 7892
229	166516 398532
230	13756 33212
231	9980 24260
232	15980 38660
233	9056 22012
234	5052 12404
235	8212 20124
236	11164 27028
237	13036 31572
238	23596 56892
239	2028 5156
240	7584 18468
241	5772 14244
242	4124 10348
243	5368 13236
244	4364 10828
245	5604 13708
246	8500 20700
247	7676 18652
248	8636 20972
249	4588 11276
250	4152 10404
251	4860 12020
252	5484 13468
253	8636 20972
254	5140 12780
255	236380 565460
256	116500 278900
257	36480 87660
258	16968 41036
259	5232 12964
260	13280 32060
261	138032 330364
262	9044 21988
263	22028 53156
264	4632 11564
265	13196 31892
266	65404 156708
267	28940 69580
268	865 2430
269	45988 110276
270	670 2040
271	4820 11940
272	41356 99212
273	39844 95588
274	897 2494
275	4028 9956
276	7924 19348
277	47756 114612
278	47036 112772
279	25908 62316
280	4516 11132
281	29460 70820
282	7964 19428
283	16964 41028
284	22196 53492
285	68140 163380
286	80924 193948
287	63700 152700
288	20860 50220
289	1682 4464
290	16804 40508
291	3195 8090
292	60348 144596
293	1901 4902
294	67468 161636
295	4772 11844
296	11196 27092
297	25836 62172
298	49676 119252
299	6188 15276
300	15588 37676
301	4412 10924
302	26564 63828
303	16412 39724
304	8108 19716
305	6084 14868
306	9884 24068
307	4224 10548
308	14660 35420
309	25708 61916
310	39228 94156
311	40748 97796
312	40748 97796
313	64276 154052
314	114356 273812
315	14724 35548
316	4540 11180
317	11612 28124
318	4972 12244
319	10060 24420
320	14548 35196
321	3136 7972
322	9132 22164
323	5752 14204
324	10100 24500
325	12172 29444
326	24428 58756
327	3336 8372
328	4356 10812
329	8652 21004
330	14492 35084
331	8796 21492
332	6408 15716
333	6056 14812
334	10124 24548
335	387480 926660
336	18188 43876
337	7732 18964
338	9492 23084
339	7300 17900
340	10052 24404
341	19604 47308
342	6644 16188
343	107364 257028
344	91812 219924
345	4620 11540
346	42848 102796
347	33268 79836
348	13260 32020
349	6564 16028
350	6524 15948
351	13596 32892
352	13596 32892
353	47844 114788
354	226844 542788
355	226844 542788
356	226844 542788
357	226844 542788
358	85864 205628
359	170844 408788
360	56788 136076
361	6628 16156
362	10492 25484
363	104036 249172
364	14428 34956
365	14428 34956
366	22028 53156
367	22028 53156
368	22028 53156
369	25836 62172
370	11612 28124
371	11612 28124
372	11612 28124
373	85872 205644
374	1377 3654
375	1365820 3265540
376	562272 1344644
377	1445900 3457100
378	501060 1198220
379	106224 254348
380	492496 1177692
381	387824 927548
382	151320 362140
383	109924 263148
384	105696 253092
385	96404 230908
386	107732 257964
387	42140 101180
388	102896 246292
389	4036 9972
390	19616 47332
391	100948 241796
392	1417728 3389756
393	62604 150108
394	491820 1176140
395	33740 80980
396	25216 60732
397	111716 267532
398	400156 957012
399	108800 260500
400	1211040 2895580
;